version https://git-lfs.github.com/spec/v1
oid sha256:75d34f3a05b27554454cf9631e40e0a0d6a257f0d93c597a34703581029caa71
size 227808
